#  Yr  JD C Th Ph	RA	Dec	 E	Expo
1   2008 0	0	0	0  93.50  20.82 88.8  0
2   2008 0	0	0	0  68.86  19.20 82.6  0
3   2008 0	0	0	0 285.74  -1.69 101.4 0
4   2008 0	0	0	0  308.45  53.91 57.3 0
5   2008 0	0	0	0 285.46  33.62 120.3 0
6   2008 0	0	0	0 152.27  11.10 139.0 0
7   2008 0	0	0	0  280.28  41.34 76.9 0
8   2008 0	0	0	0 347.73  39.46 122.2 0
9   2008 0	0	0	0  178.03  20.29 68.8 0
10  2008 0	0	0	0  154.49  26.50 69.1 0
11  2008 0	0	0	0  152.44  45.84 79.3 0
12  2008 0	0	0	0  139.66  28.72 59.2 0
13  2008 0	0	0	0  152.30  36.45 59.7 0
14  2009 0	0	0	0  311.15  51.06 57.9 0
15  2009 0	0	0	0  22.49  80.07 64.2  0
16  2009 0	0	0	0  99.16  62.77 80.7  0
17  2009 0	0	0	0  119.62  59.19 75.0 0
18  2009 0	0	0	0  61.60  42.91 64.5  0
19  2009 0	0	0	0  206.74  24.93 64.2 0
20  2009 0	0	0	0  235.00  27.63 62.5 0
21  2009 0	0	0	0  239.85  -0.41 154.3 0
22  2009 0	0	0	0  305.06  44.36 59.5 0
23  2009 0	0	0	0  331.65  18.85 65.2 0
24  2009 0	0	0	0  56.47  64.36 61.7  0
25  2009 0	0	0	0  82.19  43.12 66.5  0
26  2009 0	0	0	0  120.03  46.05 64.0 0
27  2010 0	0	0	0  128.77  44.51 57.6 0
28  2010 0	0	0	0  78.79  61.43 61.2  0
29  2010 0	0	0	0  139.13  49.62 63.7 0
30  2010 0	0	0	0  25.28  43.99 65.2  0
31  2010 0	0	0	0  212.37  -4.78 58.0 0
32  2010 0	0	0	0  144.59  40.66 92.2 0
33  2010 0	0	0	0  115.13  -1.45 67.1 0
34  2010 0	0	0	0  137.13  41.50 68.9 0
35  2010 0	0	0	0  204.00  45.18 93.5 0
36  2010 0	0	0	0  129.28  29.13 60.5 0
37  2010 0	0	0	0  19.29  32.26 66.3  0
38  2010 0	0	0	0  205.08  20.05 162.2 0
39  2011 0	0	0	0  359.91  31.47 67.4 0
40  2011 0	0	0	0  295.61  43.53 124.8 0
41  2011 0	0	0	0  288.30   0.34 135.5 0
42  2011 0	0	0	0  82.50  57.70 74.7  0
43  2011 0	0	0	0  87.59  81.53 65.4  0
44  2011 0	0	0	0  118.41  -1.37 73.9 0
45  2011 0	0	0	0  163.67  28.92 62.3 0
46  2011 0	0	0	0  197.78   7.74 61.2 0
47  2011 0	0	0	0  39.98  34.17 89.3  0
48  2011 0	0	0	0  218.81  54.11 69.2 0
49  2011 0	0	0	0  168.48  57.92 83.3 0
50  2011 0	0	0	0  153.21  19.83 63.3 0
51  2011 0	0	0	0  133.62  48.55 78.8 0
52  2011 0	0	0	0  161.74  17.39 72.6 0
53  2011 0	0	0	0  31.32  49.49 78.7  0
54  2011 0	0	0	0  253.12  46.43 57.6 0
55  2011 0	0	0	0  156.84  38.82 72.9 0
56  2011 0	0	0	0  132.97  52.63 81.6 0
57  2011 0	0	0	0  319.95  15.87 57.4 0
58  2012 0	0	0	0  226.68  24.50 91.8 0
59  2012 0	0	0	0  123.94  22.52 60.3 0
60  2012 0	0	0	0 219.66  38.46 101.0 0
61  2012 0	0	0	0  134.84  59.83 76.9 0
62  2012 0	0	0	0  210.35  57.55 75.6 0
63  2012 0	0	0	0  158.60  60.26 57.8 0
64  2012 0	0	0	0  355.95  64.19 59.0 0
65  2012 0	0	0	0  159.75  35.56 57.4 0
66  2012 0	0	0	0  47.71  -4.66 60.5  0
67  2013 0	0	0	0  66.42  39.00 68.2  0
68  2013 0	0	0	0  36.26  17.87 98.5  0
69  2013 0	0	0	0  37.59  13.89 106.8  0
70  2013 0	0	0	0  218.49  62.54 66.8 0
71  2013 0	0	0	0  165.28  52.35 62.5 0
72  2013 0	0	0	0  47.08  31.32 68.5  0
73  2005	186	1120579594	57.3	155.7	45.8	-1.7	127.0	3117.6
74  2007	13	1168768186	14.2	85.6	192.9	-21.2	164.7	9784.9
75  2008	268	1222307719	49.8	140.5	287.8	1.5	139.9	21324.1
76  2011	26	1296108817	24.9	90.9	150.0	-10.4	115.8	39260.2
77  2011	361	1325034337	47.4	-111.7	344.1	-71.5	107.8	47003.2
78  2012	81	1332350782	47.4	-118.3	309.2	-66.7	104.3	48861.5
79  2014	293	1413885674	6.8	-155.4	102.9	-37.8	155.1	70647.3
80  2014	359	1419543426	45.1	145.6	313.3	-4.5	106.8	72194.9
81  2015	86	1427462822	28.2	54.1	333.7	-11.0	106.2	74243.6
82 2015	143	1432416422	39.2	-139.8	83.1	-51.1	107.1	75589.6
83 2015	236	1440460829	20.1	-46.1	284.8	-48.0	124.9	77711.0
84 2015	268	1443266386	77.2	-172.0	21.7	-13.8	113.3	78448.5
85 2015	334	1448953110	47.7	-52.0	169.9	-59.8	105.1	79901.5
86 2016	21	1453381745	13.7	-179.8	231.4	-34.0	121.8	81056.9
87 2016	26	1453874568	22.6	-14.7	175.6	-37.7	122.3	81177.2
88 2016	68	1457496302	23.7	108.7	151.5	-12.6	115.2	82087.0
89 2016	228	1471311990	48.0	-163.2	222.9	-34.1	102.3	85344.1
90 2016	297	1477276760	49.5	104.5	352.1	13.2	110.6	86824.4
91 2017	361	1514425553	41.7	-30.5	107.8	-44.7	131.6	96084.6
92 2018	174	1529810463	42.7	4.3	300.0	-22.6	109.6	100244.0
93 2018	217	1533509604	9.9	114.2	223.9	-26.3	100.7	101240.5
94 2018	224	1534096475	47.9	141.7	125.0	-0.6	146.5	101397.8
95 2018	336	1543812862	12.5	138.4	65.8	-26.3	107.0	104024.4
96 2019	61	1551609400	48.6	-113.3	185.9	-70.7	107.6	106063.9
97 2019	117	1556436334	14.8	-32.7	275.0	-42.1	132.6	107370.7
98 2019	314	1573399408	58.6	-135.6	128.9	-52.0	165.5	111928.9
99 2019	340	1575640030	36.1	100.3	206.6	0.4	101.2	112531.2
100 2020	26	1580092842	1.4	-53.7	98.1	-36.1	102.6	113671.3
101 2020	66	1583535647	41.4	-20.6	133.6	-38.3	109.7	114595.1
102 2020	73	1584120052	65.1	-77.6	133.3	-75.1	103.7	114751.5
103 2020	163	1591895321	18.9	-47.7	107.2	-47.6	155.2	116796.7
